12350016 11001206 12292650 13152613 14102547 12214534 9962510 10536078 12267986 13308714 12196597 12924376 11726466 12012486 11159582 11872801 11314594 12899924 11588436 10540942 
13702670 12615941 13958984 14270295 15371426 13674278 11475965 13140788 13283404 13433883 14824475 13563846 12862967 15049357 12914279 12967881 13458144 13185778 14377415 12378361 
13655883 11045084 13268068 14401520 15421126 13848418 10819145 11519095 13739291 12983648 13177771 13254211 12662253 14427781 10472720 12597194 13014998 12945918 12288463 12140954 
12763298 11549829 13100155 13192881 14435856 13585470 9488966 12682414 12915072 14489559 13170378 12423287 12534155 13015039 11093271 11412017 12342311 12527019 12951505 12192909 
10715595 10978871 11080469 11245391 12000058 11009169 9226971 10668008 10475117 12247018 11625287 10723389 9850434 10474313 9466462 9899762 9844068 10843784 10330791 9246859 
10902023 10594769 12393178 12662866 12683053 12684693 10493262 11630926 11463728 11913303 12761612 11818340 11114726 11637277 11277486 11516068 10552295 11359897 13074347 11209415 
12874911 12927643 11896478 14754958 14594374 13733304 10516600 12066682 12386404 14054896 14310777 12354178 11247917 14124969 10906011 13025169 12197419 13069803 13406608 10925456 
10995623 10435917 11861545 12004179 12912085 12060331 8867101 10700714 11264784 11132689 12362549 11523859 11228731 11957277 9161107 11711721 11104280 11757281 12086669 10250579 
10943350 11352800 12087103 12913611 13487343 13126890 10187788 11305329 11960320 12227894 12707793 11814256 10342471 11703559 8726351 11973756 11829503 11845442 11550599 10522642 
10866019 12021203 12758167 13998234 13322950 13245404 10615603 10948008 12565432 12175504 13237127 13415887 12187533 12096503 11539734 12175117 12331369 12623924 13542837 11460650 
13030293 12931429 15083684 12819280 14897770 13989102 11501768 11774002 11715200 13462525 14372856 13485419 11832715 13838231 11375795 11986450 13056196 14104414 13143693 12043577 
10123709 10471416 10950296 11506486 11892754 11045965 8464717 10378829 11563133 11552488 11137505 10570852 10543258 10634950 10580595 10246110 10248466 9669545 10782869 9627523 
12114179 10525829 12638643 12646804 13034363 12244860 10525949 11471168 12884701 12896513 12235032 12134287 11146748 12010187 10493425 12064415 12861594 11824004 11557899 10813064 
12229128 10474631 12598808 12790025 12861868 11704057 9593636 11327678 11879114 13120515 12579048 12018435 11157147 11916551 11165061 10794156 11521834 11544222 11493385 10033766 
11460636 11525675 11171935 12968620 13927746 13628796 9077946 12039100 12996624 13055878 13154115 11895192 11467381 13456339 10408386 11537902 12444794 11584551 11235344 11051981 
12146165 10650794 12159539 13486104 13722718 13363906 10770654 11650016 13085499 13913488 13294088 12078240 12215916 13175724 9839381 12558166 11969268 12072291 13639244 12478147 
12254870 11231562 12583881 14158372 12979992 12492094 10140958 11673911 11642750 12954251 12711099 12434339 11509919 12956859 11151572 13196969 12422882 11345473 12831947 11173986 
14873999 12859821 15181920 15296890 16275686 16693306 12469509 13392573 15377311 16900532 15679158 13688936 14127349 16127063 13493961 15327774 15496513 14644085 15571539 13539541 
13015221 11925975 11967791 13416087 13870707 14244057 9602615 11344498 12424246 13017484 13732802 12978344 11170712 13210484 11158192 12018630 11944599 12158433 11598243 12397974 
12218550 12813042 11967388 13890397 14065479 13727330 10708790 11118064 12573027 13483993 13671031 11932513 12006589 12757034 12378568 12842040 11749963 12392547 14014005 11411162 
